%YAML:1.2
link2world_pose: !!opencv-matrix
  rows: 4
  cols: 4
  dt: d
  data: [ 1, 0, 0, 0.049,
          0, 1, 0, -0.082,
          0, 0, 1, -0.25,
          0, 0, 0, 1 ]
