%YAML:1.2
link2world_pose: !!opencv-matrix
  rows: 4
  cols: 4
  dt: d
  data: [-0.996292, 0.085605, 0.0094625, 0.000776494,
        0.0664464, 0.833887, -0.547934, -0.00220407,
        -0.0547934, -0.54527, -0.836477, 0.0027779,
        0, 0, 0, 1]

