%YAML:1.2
link2world_pose: !!opencv-matrix
  rows: 4
  cols: 4
  dt: d
  data: [0.920434, 0.0146368, -0.390626, -0.0223169, 
        -0.390778,   0.00950527, -0.920437, -0.0510668, 
        -0.00975926, 0.999848, 0.0144687, 0.0161121, 
        0, 0, 0, 1 ]
  #data: [ 0, 0, -1, -0.06,
  #        -1, 0, 0, -0.006,
  #        0, 1, 0, 0.025,
  #        0, 0, 0, 1 ]
  #data: [ 0.707,    0,  0.707,   0,
  #        0,        1,  0,       0,
  #        -0.707,   0,  0.707,   0,
  #        0, 0, 0, 1 ]
