%YAML:1.2
link2world_pose: !!opencv-matrix
  rows: 4
  cols: 4
  dt: d
  # data: [-0.243521, 0.969525, -0.0271261, -5.32718e-05,
  #       0.821995, 0.191458, -0.536363, -0.0047957,
  #       -0.51482, -0.152914, -0.84356, -0.00221774,
  #       0, 0, 0, 1]

  # bone + tissue
  # data: [0.355524, 0.931834, -0.0728563, -4.53097e-05,
  #       0.753636, -0.331896, -0.567358, -0.00245259,
  #       -0.552861, 0.1468, -0.820251, 0.0025133,
  #       0, 0, 0, 1]


  # coated hook 2
  data: [-0.683109, 0.730267, 0.0094625, -0.000331539,
         0.607359, 0.575238, -0.547934, -0.00344308,
        -0.405577, -0.368551, -0.836477, -0.000726853,
         0, 0, 0, 1]

  
  # coated hook 1
  #data: [-0.69637, -0.717494, -0.0171624, -0.000273982,
  #       -0.517878, 0.518898, -0.680123, -0.00549463,
  #        0.496887, -0.464723, -0.73291, -0.000559424,
  #        0, 0, 0, 1]

