%YAML:1.2
link2world_pose: !!opencv-matrix
  rows: 4
  cols: 4
  dt: d

  # Evaluation_Red/Hook
  data: [-0.624114, 0.749697, -0.220238, 0.00638719,
    0.71359, 0.432047, -0.551528, -0.0067015,
    -0.318312, -0.501366, -0.804586, 0.00953236,
    0, 0, 0, 1]

  # Evaluation_Gray/Hook
  # data: [0.167976, -0.961242, -0.218709, -0.00439958,
  #       -0.979303, -0.137269, -0.14884, -0.00495004,
  #       0.113051, 0.239184, -0.964386, 0.0120155,
  #       0, 0, 0, 1]

  # coated hook 1
  # data: [-0.69637, -0.717494, -0.0171624, -0.000273982,
  #       -0.517878, 0.518898, -0.680123, -0.00549463,
  #        0.496887, -0.464723, -0.73291, -0.000559424,
  #        0, 0, 0, 1]

  # coated hook 2
  # data: [-0.683109, 0.730267, 0.0094625, -0.000331539,
  #        0.607359, 0.575238, -0.547934, -0.00344308,
  #       -0.405577, -0.368551, -0.836477, -0.000726853,
  #        0, 0, 0, 1]

  # NoTrocar_NoBone_Combined
  # data: [0.25151, 0.966891, -0.0437175, -0.000524581,
  #   0.814054, -0.235747, -0.530883, -0.00384297,
  #   -0.52362, 0.0979316, -0.846328, -0.0017283,
  #   0, 0, 0, 1]








  # bone + tissue
  # data: [0.355524, 0.931834, -0.0728563, -4.53097e-05,
  #       0.753636, -0.331896, -0.567358, -0.00245259,
  #       -0.552861, 0.1468, -0.820251, 0.0025133,
  #       0, 0, 0, 1]


  # coated hook 2
  # data: [-0.683109, 0.730267, 0.0094625, -0.000331539,
  #        0.607359, 0.575238, -0.547934, -0.00344308,
  #       -0.405577, -0.368551, -0.836477, -0.000726853,
  #        0, 0, 0, 1]

  # middle of video
  # data: [-0.243521, 0.969525, -0.0271261, -5.32718e-05,
  #       0.821995, 0.191458, -0.536363, -0.0047957,
  #       -0.51482, -0.152914, -0.84356, -0.00221774,
  #       0, 0, 0, 1]

  
  # data: [-0.945745, 0.323808, -0.0271261, -0.000824572,
  #        0.28712, 0.793659, -0.536363, -0.00458772,
  #       -0.152147, -0.515048, -0.84356, -0.00268081,
  #        0, 0, 0, 1]

  
  # coated hook 1
  # data: [-0.69637, -0.717494, -0.0171624, -0.000273982,
  #       -0.517878, 0.518898, -0.680123, -0.00549463,
  #        0.496887, -0.464723, -0.73291, -0.000559424,
  #        0, 0, 0, 1]

  # cot, coated, no trocar, no bone, combined
  # data: [0.289597, 0.955491, -0.0564767, -0.000730647,
  #       0.774431, -0.26858, -0.572834, -0.00408331,
  #       -0.562503, 0.122152, -0.817733, -0.00105299,
  #       0, 0, 0, 1]

  # z-axis rotation
  # data: [-0.961577, 0.271844, 0.0386226, 0.000361407,
  #   0.19289, 0.768901, -0.609593, -0.00498103,
  #   -0.195409, -0.578717, -0.791784, -0.00176886,
  #   0, 0, 0, 1]

  # cot, regular, no trocar, no bone, combined
  # data: [0.136377, 0.98983, -0.0407277, 1.11618e-05,
  #       0.80323, -0.134546, -0.580291, -0.00179178,
  #       -0.579865, 0.0464233, -0.813401, 0.00287477,
  #       0, 0, 0, 1]

  # mono bone only
  # data: [-0.959494, 0.278453, -0.0431416, -0.000675585,
  #        0.246999, 0.757478, -0.604352, -0.00227353,
  #       -0.135601, -0.590524, -0.795561, 0.00288257,
  #              0,          0,          0,           1]

  # Mono_Working_Channel_Yellow
  # data: [-0.999624, -0.0144395, 0.0238944, 0.000863618,
  #       -0.0261496, 0.784094, -0.62011, -0.00264141,
  #       -0.00977823, -0.620495, -0.784164, 0.00308695,
  #       0, 0, 0, 1]

  # Hook_Coated_Point_Pattern
  # data: [-0.916129, 0.379321, -0.129811, -0.00215312,
  #       0.400446, 0.850088, -0.342078, -0.00713731,
  #       -0.0194048, -0.365369, -0.930675, 0.0109688,
  #       0,         0,         0,          1]



