%YAML:1.2
reference_points:
  - [-49.62, 83.52, 303.592]
  - [-49.03, 82.42, 303.10]
  - [-49.02, 82.07, 301.64]
