%YAML:1.2
reference_points:
  - [-0.105, -0.1485, 0.0005]
  - [0.105, -0.1485, 0.0005]
  - [0.105, 0.1485, 0.0005]
