%YAML:1.2
link2world_pose: !!opencv-matrix
  rows: 4
  cols: 4
  dt: d

  # Evaluation_Red/Pointer_Averaged
  # data: [-0.297657, 0.308634, -0.904119, -0.0707387,
  #   -0.738982, -0.674845, 0.0130444, 0.173043,
  #   -0.605537, 0.671925, 0.428508, -0.153895,
  #   0, 0, 0, 1]

  # Evaluation_Red/Pointer_Averaged_2
  # data: [-0.865626, 0.2248, 0.448857, -0.0486282,
  #   -0.397564, -0.853467, -0.339556, 0.225397,
  #   0.306541, -0.471736, 0.827848, 0.143228,
  #   0, 0, 0, 1]

  # Evaluation_Red/Pointer_Raw
  # data: [-0.768208, 0.22534, 0.600371, -0.0493997,
  #   -0.463705, -0.842561, -0.277311, 0.222181,
  #   0.443091, -0.490771, 0.751468, 0.149271,
  #   0, 0, 0, 1]




  # Evaluation_Gray/Pointer_Raw
  data: [-0.803436, 0.225706, 0.551597, -0.0462453,
    0.428389, -0.425083, 0.79792, 0.112436,
    0.414359, 0.877124, 0.244706, -0.200379,
    0, 0, 0, 1]




  # data: [0.38662, 0.196923, -0.900985, -0.027955,
  #       -0.730849, 0.661281, -0.169082, -0.129071,
  #       0.562501, 0.723842, 0.399584, -0.0719388,
  #       0, 0, 0, 1]

  # chessboard
  # data: [0.423117, 0.234859, -0.875124, -0.0641549,
  #   -0.791866, 0.565275, -0.231159, -0.141621,
  #   0.44039, 0.790775, 0.425153, -0.186367,
  #   0, 0, 0, 1]

  # coated
  # data: [0.318676, 0.338019, -0.885561, -0.100759,
  #       -0.945514, 0.179277, -0.271822, -0.0352362,
  #       0.0668793, 0.923919, 0.376732, -0.193957,
  #       0, 0, 0, 1]
  
  # evaluation pointer test
  # data: [-0.246756, 0.211179, -0.945867, -0.0486869,
  #       -0.751985, -0.657444, 0.0493868, 0.176433,
  #       -0.611377, 0.72341, 0.321012, -0.170285,
  #       0, 0, 0, 1]

  # evaluation Pointer_Averaged_Optical_Tracking
  # data: [-0.236718, 0.12043, -0.964436, -0.0221214,
  #   -0.71308, -0.696121, 0.0880858, 0.180729,
  #   -0.660496, 0.708365, 0.250549, -0.161457,
  #   0, 0, 0, 1]
