%YAML:1.2
link2world_pose: !!opencv-matrix
  rows: 4
  cols: 4
  dt: d
  data: [-0.561261, 0.818635, -0.121845, -0.0247684,
          0.265288, 0.317394, 0.910443, 0.0445137,
          0.783985, 0.478663, -0.39531, 0.126216,
          0, 0, 0, 1]
